10
50
864711 471771 534587 53834 986637 800438 682268 407953 748840 811048 660636 248358 736680 863814 419885 885500 757273 647115 248080 479259 962942 744410 427831 647854 358235 982920 321376 366401 591635 674857 565281 417181 36439 815209 826399 647489 224450 163040 624156 340629 92087 17104 637932 117782 412722 402120 958477 550626 946358 380052
70
114242 448429 385813 476852 877242 439523 943167 32069 103276 906389 400548 590138 413673 54437 791388 80469 703861 214226 685113 607503 889058 66343 261708 281134 334821 565104 635622 602883 156840 399781 995855 915772 616389 936533 790260 547112 870957 790748 323542 74939 209583 274343 764031 187964 870775 61120 90470 999551 238185 86598 731868 955293 177476 115936 514753 962103 357789 657502 405070 215700 769026 424977 376100 780852 146003 234727 150227 432860 955378 760295
92
947580 239739 923146 348413 50046 64091 280073 700246 735703 286257 605692 778933 618460 650438 732010 712937 527094 748787 112433 832258 859948 752971 954770 993142 730828 164671 282865 656149 22310 476412 896910 368525 585442 568631 735017 798282 691921 44392 582115 168949 763144 586178 418358 654717 355725 874285 476151 834834 470994 225985 734998 104381 266170 669865 455354 4323 821576 151428 434031 665417 3164 45577 682446 537866 578912 716015 391488 987848 251479 677098 267200 551941 716423 472190 129412 594208 105605 822605 774130 576654 823216 814119 181541 81351 822020 667625 7720 511345 327183 779167 769748 169053
20
756670 596372 954604 368542 937135 511053 874914 608066 290474 156530 540956 713535 30984 607927 875565 781175 613667 404205 681340 944182
13
73976 495650 660504 914520 738263 596601 387982 696328 228832 468182 635278 809460 979010
97
415980 207126 113970 10050 836840 298756 174157 33299 70271 498678 749398 503444 801096 49098 146388 449593 433224 943249 262285 384184 446346 378549 250736 596625 402896 509796 513161 785469 288047 991196 211690 825406 82643 969493 552182 305716 247517 526505 876705 528031 122201 748829 842674 626151 859633 902556 759473 552169 86548 28785 595175 202803 188988 250523 345980 371693 406026 575776 475599 91981 871955 781407 404843 680063 238169 827023 432190 870064 706609 9014 241522 499949 627302 777210 101041 933138 476383 959721 445949 950768 360385 673233 272337 888376 21465 19615 741775 65398 533317 151964 953471 156384 525282 987856 130199 913085 315465
86
643357 883133 741374 685703 229518 417851 503441 699534 854798 556833 456492 871435 715769 26161 274533 755598 323262 323657 842559 487481 528182 576003 428555 152311 310420 726088 320774 139092 272259 875063 209219 969988 314583 484069 681501 580887 40664 784604 705617 95297 372308 730423 799055 609191 343329 326954 650635 269506 816576 250000 832130 55979 893619 977005 171420 706542 805833 990032 46040 688980 871334 739480 419469 169499 367083 608325 536833 676404 488098 529352 325872 656940 694463 979917 215363 564190 958487 566450 621451 417354 783060 73217 542339 472522 837859 354420
50
726307 916952 111513 695723 349840 485315 928369 921991 284155 557377 712920 20854 462419 792724 115054 294135 151576 446564 55414 356537 343799 619840 741639 711101 264885 928337 497587 447322 248424 98930 597324 247806 330516 238210 45672 302334 30728 843017 269142 583337 683203 494495 438951 231799 95002 555528 875826 661463 70812 623825
54
223243 836541 482523 811476 799196 188715 46471 871018 106488 881583 560200 344241 967227 702697 418272 619368 835206 45178 992286 951564 397249 497938 47822 805009 143635 700824 594182 67091 919793 985975 406060 511498 442102 433453 929819 273113 155501 278343 28693 648662 685803 669045 359024 121209 38676 155785 432865 778712 338389 167749 171429 294152 475674 103443
18
717819 662746 2942 418953 398376 891107 683280 212896 373430 743371 559947 990111 520220 447327 979136 361028 396526 917073
